# DNA
10632 115207
10639 115212
10648 115221
10649 115222
10650 115223
10651 115224
10652 115227
10653 115226
10654 115225
10655 115228
10656 115229
# RNA
10820 117416
10821 117417
10822 117418
10823 117419
10824 117420
10825 117421
10826 117422
10827 117423
10828 117424
10829 117425
10830 117426
10831 117427
10833 117430
10834 117431
10835 117432
10836 117433
10837 117434
10838 117435
10839 117436
10840 117437
10841 117438
10842 117460
10843 117439
10844 117440
10845 117441
10846 117442
10847 117443
10848 117444
10849 117445
10850 117446
10851 117447
10852 117448
10853 117449
10854 117450
10855 117451
10856 117452
10857 117453
10858 117454
10859 117455
10860 117456
10861 117457
10862 117458
10863 117459
10889 118022
